5 0.116585
6 0.0890305
7 0.0720521
8 0.0604619
9 0.0520726
10 0.0457216
11 0.0407444
12 0.0367475
13 0.033461
14 0.030712
15 0.0283815
16 0.0263786
17 0.0246393
18 0.023115
19 0.0217681
20 0.0205693
21 0.0194954
22 0.0185283
23 0.0176524
24 0.0168556
25 0.0161275
26 0.0154597
27 0.0148449
28 0.0142772
29 0.0137512
30 0.0132626
31 0.0128076
32 0.0123827
33 0.011985
34 0.0116121
35 0.0112618
36 0.0109319
37 0.0106208
38 0.0103269
39 0.0100488
40 0.00978535
41 0.00953531
42 0.00929775
43 0.00907172
44 0.00885643
45 0.00865111
46 0.00845509
47 0.00826776
48 0.00808855
49 0.00791694
50 0.00775246
51 0.00759467
52 0.00744318
53 0.00729761
54 0.00715763
55 0.00702291
56 0.00689317
57 0.00676814
58 0.00664756
59 0.0065312
60 0.00641885
61 0.00631029
62 0.00620535
63 0.00610384
64 0.00600559
65 0.00591046
66 0.00581829
67 0.00572896
68 0.00564232
69 0.00555827
70 0.00547668
71 0.00539746
72 0.00532049
73 0.00524569
74 0.00517296
75 0.00510222
76 0.00503339
77 0.00496639
78 0.00490115
79 0.00483761
80 0.00477569
81 0.00471533
82 0.00465648
83 0.00459909
84 0.00454308
85 0.00448843
86 0.00443508
87 0.00438298
88 0.00433209
89 0.00428236
90 0.00423377
91 0.00418627
92 0.00413982
93 0.00409439
94 0.00404994
95 0.00400645
96 0.00396389
97 0.00392222
98 0.00388141
99 0.00384145
